0 487
1000 90
1 60
2 37
3 17
6 16
4 15
8 12
5 11
10 10
7 8
9 8
11 6
13 6
30 6
15 5
35 5
14 4
24 4
26 4
50 4
59 4
28 3
31 3
38 3
45 3
49 3
122 3
22 3
12 2
16 2
18 2
19 2
21 2
512 2
23 2
25 2
32 2
37 2
39 2
46 2
57 2
65 2
80 2
83 2
86 2
128 2
155 2
168 2
170 2
709 2
240 2
245 2
251 2
265 2
270 2
290 2
498 2
17 1
27 1
29 1
33 1
34 1
36 1
41 1
42 1
43 1
44 1
93 1
53 1
55 1
568 1
60 1
61 1
63 1
64 1
67 1
69 1
71 1
74 1
75 1
79 1
82 1
84 1
526 1
87 1
605 1
95 1
97 1
100 1
102 1
614 1
619 1
109 1
110 1
115 1
628 1
119 1
120 1
126 1
107 1
132 1
133 1
656 1
693 1
197 1
163 1
176 1
181 1
182 1
185 1
190 1
203 1
721 1
211 1
215 1
729 1
218 1
732 1
221 1
222 1
223 1
736 1
227 1
229 1
753 1
248 1
250 1
555 1
267 1
785 1
283 1
291 1
293 1
808 1
303 1
304 1
824 1
315 1
556 1
325 1
328 1
329 1
842 1
333 1
848 1
56 1
344 1
861 1
350 1
871 1
875 1
887 1
378 1
385 1
903 1
911 1
918 1
410 1
430 1
943 1
944 1
972 1
462 1
981 1
473 1
510 1
