4532.41130905
3366.98206519
3326.3306574
3308.09464169
3297.94258112
3291.51602489
3287.28793801
3283.77516396
3280.99776391
3278.44993199
3275.81243841
3273.31397104
3270.8684595
3268.42055835
3266.16460163
3264.23476083
3262.42227912
3260.51325928
3258.82854152
3257.18175939
3255.37923243
3253.30711541
3251.00612794
3248.77308262
3246.70118667
3244.47115104
3241.94493708
3239.40739168
3236.99558481
3234.81656727
3232.88203014
3231.04567171
3229.23063872
3227.47967223
3225.91794645
3224.58649843
3223.20000436
3222.0867435
3221.01271989
3219.95473094
3218.75956428
3217.59979619
3216.4522233
3215.34629148
3214.36905778
3213.26833436
3212.24470346
3211.31994368
3210.29982355
3209.20246315
3207.95132503
3206.82241072
3205.91909053
3204.92220274
3204.31947561
3203.74640843
3203.27606811
3202.67555472
3201.89979232
3200.88578203
3200.01531056
3199.2966446
3198.45478403
3197.6201472
3196.73438036
3196.02119032
3195.41196943
3194.72376496
3194.0329727
3193.41355901
3192.78060731
3191.90770762
3190.80437498
3189.55398117
3188.23142174
3186.89288539
3185.71338432
3184.5789406
3183.5206291
3182.51360921
3181.42690675
3180.41702115
3179.54898356
3178.76281891
3177.99771823
3177.24097774
3176.58456935
3176.0328065
3175.38333701
3174.71747303
3174.01886829
3173.32737481
3172.70330603
3172.1138461
3171.52419342
3170.90758333
3170.4179592
3170.02282149
3169.5821675
3169.07816383
3168.448593
3167.75862833
3167.05280662
3166.42332043
3165.9904937
3165.73529802
3165.54265976
3165.33739243
3165.07807778
3164.91141097
3164.62059016
3164.17905363
3163.65023788
3163.14226209
3162.70328486
3162.36024226
3161.99817832
3161.70317464
3161.37377857
3160.9434041
3160.44914717
3159.86024781
3159.29974867
3158.58691893
3157.78851118
3156.84328215
3155.8879416
3155.00788822
3154.23167922
3153.44215741
3152.76590863
3152.13154349
3151.49922048
3150.91731722
3150.33609096
3149.74067727
3149.15263975
3148.52983426
3147.83979099
3147.25183635
3146.72688685
3146.10697938
3145.55140026
3145.038229
3144.50839712
3143.94311783
3143.40783945
3142.95445563
3142.52189469
3141.99941939
3141.35987167
3140.6610068
3140.01716194
3139.47786778
3138.91063005
3138.29379482
3137.61144599
3136.89591297
3136.14533364
3135.38865056
3134.64653422
3133.91168296
3133.23112402
3132.52038824
3131.88007921
3131.30351041
3130.66122515
3129.90421203
3129.1405021
3128.32782048
3127.47536739
3126.54560283
3125.62757639
3124.67176012
3123.72838126
3122.76127432
3121.76341232
3120.77006527
3119.75759981
3118.76498364
3117.77794841
3116.78570912
3115.80880423
3114.85906684
3113.95665663
3113.0751775
3112.2783084
3111.51872253
3110.81819246
3110.12121549
3109.49131097
3108.87630713
3108.24307894
3107.61218582
3106.9346598
3106.17407566
3105.30253203
3104.46828824
3103.70960692
3103.04853569
3102.374827
3101.76925634
3101.10225207
3100.39181475
3099.80313972
3099.32543062
3098.83756084
3098.39524227
3097.89054287
3097.45857954
3097.16391173
3096.85125512
3096.55032349
3096.25660576
3096.00089054
3095.71194597
3095.44859148
3095.20946085
3095.07182068
3095.06452066
3095.04654607
3094.9754195
3094.85516015
3094.79234814
3094.67410977
3094.52095848
3094.33078357
3094.08903464
3093.79059454
3093.51468176
3093.20791956
3092.91243999
3092.65113648
3092.34912442
3092.05447449
3091.80452138
3091.55424259
3091.27376913
3090.97576404
3090.65628056
3090.30346956
3089.97015589
3089.57549888
3089.19007073
3088.82871046
3088.44864717
3088.11602282
3087.91481431
3087.80681744
3087.74255397
3087.66780485
3087.65822646
3087.66845007
