1 0
2 0
3 0
4 1
5 1
6 2
7 3
8 8
9 8
10 8
11 11
12 12
13 12
14 13
15 13
16 16
17 18
18 18
19 20
20 21
21 23
22 31
23 33
24 37
25 39
26 41
27 41
28 43
29 44
30 45
31 48
32 50
33 56
34 60
35 62
36 65
37 65
38 70
39 74
40 75
41 75
42 76
43 76
44 77
45 81
46 83
47 84
48 90
49 90
50 92
51 92
52 96
53 97
54 99
55 102
56 103
57 106
58 108
59 116
60 124
61 127
62 127
63 141
64 144
65 148
66 148
67 151
68 166
69 170
70 170
71 180
72 185
73 187
74 191
75 191
76 207
77 208
78 220
79 245
80 246
81 249
82 254
83 262
84 266
85 269
86 275
87 279
88 282
89 287
90 293
91 300
92 309
93 335
94 339
95 344
96 369
97 372
98 402
99 405
100 407
101 408
102 418
103 436
104 447
105 463
106 477
107 486
108 491
109 501
110 512
111 517
112 537
113 538
114 583
115 600
116 600
117 619
118 631
119 653
120 656
121 665
122 667
123 677
124 716
125 822
126 874
127 881
128 922
129 941
130 970
131 983
132 1022
133 1028
134 1057
135 1061
136 1063
137 1090
138 1191
139 1274
140 1276
141 1305
142 1306
143 1329
144 1458
145 1481
146 1967
147 2152
148 2805
149 3874
